9 1 2 3 6 7 4 5 8
3 4 5 1 2 8 6 7 9
6 7 8 4 5 9 1 2 3
1 2 3 7 8 4 5 9 6
4 5 9 2 1 6 3 8 7
8 6 7 9 3 5 2 1 4
2 8 1 6 7 3 9 4 5
5 3 4 8 9 1 7 6 2
7 9 6 5 4 2 8 3 1

9 1 2 3 6 7 4 5 8
3 4 5 1 2 8 6 7 9
6 7 8 4 5 9 1 2 3
1 2 3 7 8 4 5 9 6
4 5 9 2 1 6 3 8 7
8 6 7 9 3 5 2 1 4
2 9 1 6 7 3 8 4 5
5 3 4 8 9 1 7 6 2
7 8 6 5 4 2 9 3 1

9 1 2 3 6 7 4 5 8
3 4 5 1 2 8 6 7 9
6 7 8 4 5 9 1 2 3
1 2 3 7 8 4 5 9 6
4 5 9 2 1 6 3 8 7
8 6 7 9 3 5 2 1 4
2 8 1 6 9 3 7 4 5
5 3 4 8 7 1 9 6 2
7 9 6 5 4 2 8 3 1

9 1 2 3 6 7 4 5 8
3 4 5 1 2 8 6 7 9
6 7 8 4 5 9 1 2 3
1 2 3 8 7 4 5 9 6
4 5 9 2 1 6 3 8 7
8 6 7 9 3 5 2 1 4
2 8 1 6 9 3 7 4 5
5 3 4 7 8 1 9 6 2
7 9 6 5 4 2 8 3 1

9 1 2 3 6 7 4 5 8
3 4 5 1 2 8 6 7 9
6 7 8 4 5 9 1 2 3
1 2 3 8 7 4 5 9 6
4 5 9 2 1 6 3 8 7
8 6 7 9 3 5 2 1 4
2 9 1 6 8 3 7 4 5
5 3 4 7 9 1 8 6 2
7 8 6 5 4 2 9 3 1

9 1 2 3 6 7 4 5 8
3 4 5 1 2 8 6 9 7
6 7 8 4 5 9 1 2 3
1 2 3 8 9 4 5 7 6
4 5 7 2 1 6 3 8 9
8 6 9 7 3 5 2 1 4
2 8 1 6 7 3 9 4 5
5 3 4 9 8 1 7 6 2
7 9 6 5 4 2 8 3 1

9 1 2 3 6 7 4 5 8
3 4 5 1 2 8 6 9 7
6 7 8 4 5 9 1 2 3
1 2 3 8 9 4 5 7 6
4 5 7 2 1 6 3 8 9
8 6 9 7 3 5 2 1 4
2 9 1 6 7 3 8 4 5
5 3 4 9 8 1 7 6 2
7 8 6 5 4 2 9 3 1

9 1 2 3 6 7 4 5 8
3 4 5 1 2 8 6 9 7
6 7 8 4 5 9 1 2 3
1 2 3 9 8 4 5 7 6
4 5 7 2 1 6 3 8 9
8 6 9 7 3 5 2 1 4
2 8 1 6 7 3 9 4 5
5 3 4 8 9 1 7 6 2
7 9 6 5 4 2 8 3 1

9 1 2 3 6 7 4 5 8
3 4 5 1 2 8 6 9 7
6 7 8 4 5 9 1 2 3
1 2 3 9 8 4 5 7 6
4 5 7 2 1 6 3 8 9
8 6 9 7 3 5 2 1 4
2 9 1 6 7 3 8 4 5
5 3 4 8 9 1 7 6 2
7 8 6 5 4 2 9 3 1

9 1 2 3 6 7 4 5 8
3 4 5 1 2 8 6 9 7
6 7 8 4 5 9 1 2 3
1 2 3 8 9 4 5 7 6
4 5 7 2 1 6 3 8 9
8 6 9 7 3 5 2 1 4
2 9 1 6 8 3 7 4 5
5 3 4 9 7 1 8 6 2
7 8 6 5 4 2 9 3 1

